          pid           |        prop         | total | goodones |   avggoodones    | rest |     avgrest      |       diff        
------------------------+---------------------+-------+----------+------------------+------+------------------+-------------------
 Nolan, Christopher (I) | 66.6666666666666667 |     9 |        6 |             8.65 |    3 |              7.7 |              0.95
 Coppola, Francis Ford  | 42.8571428571428571 |     7 |        3 |              8.9 |    4 |             7.55 |              1.35
 Miyazaki, Hayao        | 12.5000000000000000 |     8 |        1 |              8.6 |    7 | 8.08571428571429 | 0.514285714285714
 Scorsese, Martin (I)   | 13.3333333333333333 |    15 |        2 |              8.6 |   13 | 7.68461538461538 | 0.915384615384615
 Kubrick, Stanley       | 18.1818181818181818 |    11 |        2 |              8.5 |    9 | 8.04444444444444 | 0.455555555555556
 Scott, Ridley          | 11.7647058823529412 |    17 |        2 |              8.5 |   15 | 7.02666666666667 |  1.47333333333333
 Lumet, Sidney          | 20.0000000000000000 |     5 |        1 |              8.9 |    4 |              7.8 |               1.1
 Fincher, David         | 20.0000000000000000 |    10 |        2 |              8.7 |    8 |           7.5125 |            1.1875
 Polanski, Roman (I)    | 16.6666666666666667 |     6 |        1 |              8.5 |    5 |             7.46 |              1.04
 Wachowski, Lana        | 16.6666666666666667 |     6 |        1 |              8.7 |    5 |             6.58 |              2.12
 Jackson, Peter (I)     | 27.2727272727272727 |    11 |        3 |              8.8 |    8 |           7.4125 |            1.3875
 Spielberg, Steven      | 12.0000000000000000 |    25 |        3 | 8.66666666666667 |   22 | 7.43636363636364 |  1.23030303030303
 Besson, Luc            | 16.6666666666666667 |     6 |        1 |              8.6 |    5 |             6.84 |              1.76
 Wilder, Billy          | 20.0000000000000000 |     5 |        1 |              8.5 |    4 |             8.35 | 0.149999999999999
 Hitchcock, Alfred (I)  | 20.0000000000000000 |    10 |        2 |              8.5 |    8 |            8.125 |             0.375
 Tarantino, Quentin     | 16.6666666666666667 |    12 |        2 |              8.7 |   10 |             7.77 | 0.929999999999999
 Cameron, James (I)     | 14.2857142857142857 |     7 |        1 |              8.5 |    6 | 7.81666666666667 | 0.683333333333333
 Singer, Bryan          | 12.5000000000000000 |     8 |        1 |              8.6 |    7 |              7.1 |               1.5
 Leone, Sergio (I)      | 40.0000000000000000 |     5 |        2 |             8.75 |    3 | 8.23333333333333 | 0.516666666666666
 Zemeckis, Robert       | 13.3333333333333333 |    15 |        2 |             8.65 |   13 |              7.1 |              1.55
 Wachowski, Lilly       | 16.6666666666666667 |     6 |        1 |              8.7 |    5 |             6.58 |              2.12
 Chaplin, Charles       | 60.0000000000000000 |     5 |        3 | 8.56666666666667 |    2 |             8.25 | 0.316666666666666
 Lucas, George (I)      | 20.0000000000000000 |     5 |        1 |              8.7 |    4 |            7.075 |             1.625
(23 rows)

